progress = 99
max_similarity = 0.94189453125
min_similarity = 0.333251953125
evals = [{'is_relevant': 40.28662109375, 'num_data': 70}, {'is_relevant': 40.39794921875, 'num_data': 69}, {'is_relevant': 38.260009765625, 'num_data': 66}, {'is_relevant': 37.43359375, 'num_data': 64}, {'is_relevant': 35.907958984375, 'num_data': 61}, {'is_relevant': 37.14453125, 'num_data': 61}, {'is_relevant': 34.9501953125, 'num_data': 60}, {'is_relevant': 30.81982421875, 'num_data': 54}, {'is_relevant': 29.029541015625, 'num_data': 53}, {'is_relevant': 28.746826171875, 'num_data': 51}, {'is_relevant': 30.8076171875, 'num_data': 50}, {'is_relevant': 27.760009765625, 'num_data': 43}]
